18 5
2 13
00000000000001000000000000
00000000000000100000000000
00000000000000100000000000
00001000011111111110000000
00001000010000000010000000
00111001110000000010000000
00000000000000000000000000
00000000000000000000000000
00111111111000110000000000
00100000001000010000000000
00100000000000010010000000
00100000000000010001000000
00100100010000010000100000
00111100011111110000010000
00000000000000000000001000
00000000000000000000010100
00000000000000000000100010
01111111110000000001000001
00000010000001000010000001
00000010000001111100000001
00000010000000000000000000
00000010000000000000000001
00000010000000000000000001
00000010000000000000000001
00000010000000000000000001
00000011000000001111111111
